Fold 1
	Confusion matrix: [[1014    0    0    0    0    0]
 [   0 1025    0    0    0    0]
 [   0    0 1003    0    0    0]
 [   0    0    0  997    0    0]
 [   0    0    0    0 1005    1]
 [   0    0    0    0    0  996]]
	Precision: 0.9998343273691187
	Recall: 0.9998328318288198
	Accuracy: 0.9998344644926337
Fold 2
	Confusion matrix: [[1031    0    0    0    0    0]
 [   0 1010    0    0    0    0]
 [   0    0  997    0    0    0]
 [   0    0    0  986    0    0]
 [   0    0    0    0 1027    0]
 [   0    0    1    0    0  989]]
	Precision: 0.9998316498316498
	Recall: 0.9998329993319973
	Accuracy: 0.9998344644926337
Fold 3
	Confusion matrix: [[1003    0    0    0    0    0]
 [   0 1035    0    0    0    0]
 [   0    0  987    0    0    0]
 [   0    0    0  987    0    0]
 [   0    0    0    0 1017    0]
 [   0    0    1    0    0 1010]]
	Precision: 0.9998351467194198
	Recall: 0.9998313090418355
	Accuracy: 0.9998344370860928
Fold 4
	Confusion matrix: [[ 992    0    0    0    0    0]
 [   0 1023    0    0    0    0]
 [   0    0 1001    0    0    0]
 [   0    0    0 1000    0    0]
 [   0    0    0    0 1007    0]
 [   0    0    0    0    0 1017]]
	Precision: 1.0
	Recall: 1.0
	Accuracy: 1.0
Fold 5
	Confusion matrix: [[1011    0    0    0    0    0]
 [   0 1020    0    0    0    0]
 [   0    0  984    0    0    0]
 [   0    0    0 1012    0    0]
 [   0    0    0    0 1015    0]
 [   0    0    0    0    0  998]]
	Precision: 1.0
	Recall: 1.0
	Accuracy: 1.0
Fold 6
	Confusion matrix: [[1024    0    0    0    0    0]
 [   1 1006    0    0    0    0]
 [   0    0  999    0    0    0]
 [   0    0    0 1010    0    0]
 [   0    0    0    0 1007    0]
 [   0    0    0    0    0  993]]
	Precision: 0.9998344918901027
	Recall: 0.9998373983739838
	Accuracy: 0.9998344370860928
Fold 7
	Confusion matrix: [[1008    0    0    0    0    0]
 [   0 1017    0    0    0    0]
 [   0    0 1015    0    0    0]
 [   0    0    0 1001    0    0]
 [   0    0    0    0 1010    0]
 [   0    0    0    0    0  989]]
	Precision: 1.0
	Recall: 1.0
	Accuracy: 1.0
Fold 8
	Confusion matrix: [[1012    0    0    0    0    0]
 [   0 1013    0    0    0    0]
 [   0    0 1014    0    0    0]
 [   0    0    0  997    0    0]
 [   0    0    0    0 1025    0]
 [   0    0    0    0    0  979]]
	Precision: 1.0
	Recall: 1.0
	Accuracy: 1.0
Fold 9
	Confusion matrix: [[1021    0    0    0    0    0]
 [   0  999    0    0    0    0]
 [   0    0 1028    0    0    0]
 [   0    0    0  989    0    0]
 [   0    0    0    0 1018    0]
 [   0    0    0    0    0  985]]
	Precision: 1.0
	Recall: 1.0
	Accuracy: 1.0
Fold 10
	Confusion matrix: [[1007    0    0    0    0    0]
 [   0 1023    0    0    0    0]
 [   0    0 1014    0    0    0]
 [   0    0    0  994    0    0]
 [   0    0    0    0 1011    0]
 [   0    0    0    0    0  991]]
	Precision: 1.0
	Recall: 1.0
	Accuracy: 1.0
Average Scores 
	Confusion matrix: [[1.0123e+03 0.0000e+00 0.0000e+00 0.0000e+00 0.0000e+00 0.0000e+00]
 [1.0000e-01 1.0171e+03 0.0000e+00 0.0000e+00 0.0000e+00 0.0000e+00]
 [0.0000e+00 0.0000e+00 1.0042e+03 0.0000e+00 0.0000e+00 0.0000e+00]
 [0.0000e+00 0.0000e+00 0.0000e+00 9.9730e+02 0.0000e+00 0.0000e+00]
 [0.0000e+00 0.0000e+00 0.0000e+00 0.0000e+00 1.0142e+03 1.0000e-01]
 [0.0000e+00 0.0000e+00 2.0000e-01 0.0000e+00 0.0000e+00 9.9470e+02]]
	Precision: 0.9999335615810292
	Recall: 0.9999334538576636
	Accuracy: 0.9999337803157452
