Fold 1
	Confusion matrix: [[1013    0    0    1    0    0]
 [   1 1023    0    0    0    0]
 [   0    1 1001    1    0    0]
 [   0    1    2  995    0    1]
 [   0    0    0    0 1005    2]
 [   0    0    0    0    0  994]]
	Precision: 0.9983421874895301
	Recall: 0.9983422540187253
	Accuracy: 0.9983446449263367
Fold 2
	Confusion matrix: [[1031    0    0    0    0    0]
 [   0 1010    0    1    0    1]
 [   0    0  997    1    0    0]
 [   0    0    0  984    0    0]
 [   0    0    0    0 1026    1]
 [   0    0    1    0    1  987]]
	Precision: 0.9990042928134878
	Recall: 0.998995607316664
	Accuracy: 0.999006786955802
Fold 3
	Confusion matrix: [[1002    1    0    0    0    0]
 [   0 1034    0    0    0    1]
 [   0    0  986    2    0    0]
 [   0    0    0  985    0    0]
 [   0    0    2    0 1016    0]
 [   1    0    0    0    1 1009]]
	Precision: 0.99867827334081
	Recall: 0.998668798387194
	Accuracy: 0.9986754966887417
Fold 4
	Confusion matrix: [[ 991    1    1    0    0    0]
 [   0 1019    0    1    0    1]
 [   0    1 1000    1    0    0]
 [   0    1    0  998    0    0]
 [   1    1    0    0 1007    0]
 [   0    0    0    0    0 1016]]
	Precision: 0.9985079779850273
	Recall: 0.9985165969815913
	Accuracy: 0.9985099337748344
Fold 5
	Confusion matrix: [[1010    1    0    0    0    0]
 [   0 1017    0    0    0    1]
 [   0    1  983    1    1    0]
 [   0    0    1 1011    0    0]
 [   1    0    0    0 1014    0]
 [   0    1    0    0    0  997]]
	Precision: 0.9986684329535218
	Recall: 0.9986796792846576
	Accuracy: 0.9986754966887417
Fold 6
	Confusion matrix: [[1024    0    0    1    0    0]
 [   1 1006    0    0    0    0]
 [   0    0  998    2    0    1]
 [   0    0    1 1007    0    1]
 [   0    0    0    0 1007    0]
 [   0    0    0    0    0  991]]
	Precision: 0.998842029672085
	Recall: 0.9988398322537271
	Accuracy: 0.998841059602649
Fold 7
	Confusion matrix: [[1007    1    0    0    0    0]
 [   1 1014    0    1    0    1]
 [   0    2 1015    0    0    0]
 [   0    0    0 1000    0    0]
 [   0    0    0    0 1010    0]
 [   0    0    0    0    0  988]]
	Precision: 0.9990152526103854
	Recall: 0.9990079934426261
	Accuracy: 0.9990066225165563
Fold 8
	Confusion matrix: [[1011    0    0    0    0    0]
 [   1 1012    1    0    1    0]
 [   0    1 1012    2    0    1]
 [   0    0    1  995    0    0]
 [   0    0    0    0 1024    0]
 [   0    0    0    0    0  978]]
	Precision: 0.9986838851728495
	Recall: 0.9986748710031054
	Accuracy: 0.9986754966887417
Fold 9
	Confusion matrix: [[1020    0    0    0    0    0]
 [   1  997    2    0    0    0]
 [   0    0 1024    0    0    0]
 [   0    0    2  989    0    0]
 [   0    2    0    0 1018    1]
 [   0    0    0    0    0  984]]
	Precision: 0.9986739234567193
	Recall: 0.9986853811764106
	Accuracy: 0.9986754966887417
Fold 10
	Confusion matrix: [[1007    3    0    0    0    0]
 [   0 1019    0    0    0    2]
 [   0    0 1011    0    0    0]
 [   0    1    2  994    0    0]
 [   0    0    1    0 1011    0]
 [   0    0    0    0    0  989]]
	Precision: 0.9985122782896002
	Recall: 0.998518864703484
	Accuracy: 0.9985099337748344
Average Scores 
	Confusion matrix: [[1.0116e+03 7.0000e-01 1.0000e-01 2.0000e-01 0.0000e+00 0.0000e+00]
 [5.0000e-01 1.0151e+03 3.0000e-01 3.0000e-01 1.0000e-01 7.0000e-01]
 [0.0000e+00 6.0000e-01 1.0027e+03 1.0000e+00 1.0000e-01 2.0000e-01]
 [0.0000e+00 3.0000e-01 9.0000e-01 9.9580e+02 0.0000e+00 2.0000e-01]
 [2.0000e-01 3.0000e-01 3.0000e-01 0.0000e+00 1.0138e+03 4.0000e-01]
 [1.0000e-01 1.0000e-01 1.0000e-01 0.0000e+00 2.0000e-01 9.9330e+02]]
	Precision: 0.9986928533784016
	Recall: 0.9986929878568187
	Accuracy: 0.9986920968305979
