Fold 1
	Confusion matrix: [[1005    4    3    1    3    2]
 [   1 1009    3    3    1    4]
 [   3    5  987    1    3    2]
 [   2    0    6  986    3    3]
 [   3    4    1    0  992    3]
 [   0    3    3    6    3  983]]
	Precision: 0.986915584418588
	Recall: 0.9869253019380101
	Accuracy: 0.98692269491806
Fold 2
	Confusion matrix: [[1020    5    5    3    2    1]
 [   3  985    4    3    2    3]
 [   3    6  971    3    2    4]
 [   1    1    8  971    2    3]
 [   2    2    3    3 1018    2]
 [   2   11    7    3    1  976]]
	Precision: 0.9834153858583669
	Recall: 0.9834005337722779
	Accuracy: 0.983446449263367
Fold 3
	Confusion matrix: [[ 995    4    2    3    0    2]
 [   4 1016    3    4    2    5]
 [   0    6  973    1    1    4]
 [   1    6    5  971    3    6]
 [   0    1    1    4 1008    6]
 [   3    2    4    4    3  987]]
	Precision: 0.9850980895272702
	Recall: 0.9851086132821649
	Accuracy: 0.9850993377483444
Fold 4
	Confusion matrix: [[ 980    1    2    2    3    0]
 [   6 1007    6    1    2    6]
 [   2    6  983    4    0    7]
 [   2    4    4  985    3    1]
 [   0    2    2    4  998    6]
 [   2    3    4    4    1  997]]
	Precision: 0.9851361768196621
	Recall: 0.9851129688004479
	Accuracy: 0.9850993377483444
Fold 5
	Confusion matrix: [[ 999    6    1    5    5    1]
 [   5 1002    5    0    0    5]
 [   0    2  967   10    3    7]
 [   1    1    3  990    3    6]
 [   3    6    5    2  999    3]
 [   3    3    3    5    5  976]]
	Precision: 0.9822671971942355
	Recall: 0.982276719466883
	Accuracy: 0.9822847682119206
Fold 6
	Confusion matrix: [[1008    8    4    0    0    2]
 [   0  984    5    4    3    7]
 [   6    5  978    3    1    7]
 [   2    6    6  997    1    3]
 [   6    3    2    4 1001    3]
 [   3    0    4    2    1  971]]
	Precision: 0.9832943587447011
	Recall: 0.983256693527461
	Accuracy: 0.9832781456953642
Fold 7
	Confusion matrix: [[ 995    3    3    5    0    7]
 [   4  996    9    1    1    4]
 [   2    6  987    3    1    4]
 [   2    4    8  983    1    4]
 [   2    3    2    4 1005    6]
 [   3    5    6    5    2  964]]
	Precision: 0.9817739529938838
	Recall: 0.9817762380797302
	Accuracy: 0.9817880794701986
Fold 8
	Confusion matrix: [[ 991    4    1    2    2    2]
 [   4  996    9    0    3    7]
 [   4    7  996    3    1    5]
 [   6    3    2  987    1    4]
 [   5    2    2    3 1015    3]
 [   2    1    4    2    3  958]]
	Precision: 0.9839798973578707
	Recall: 0.9839131748254942
	Accuracy: 0.9839403973509934
Fold 9
	Confusion matrix: [[1008    8    4    1    0    0]
 [   4  978    4    1    0    6]
 [   4    5 1007    5    2    5]
 [   0    2    6  977    0    4]
 [   2    1    3    2 1012    9]
 [   3    5    4    3    4  961]]
	Precision: 0.983948585307946
	Recall: 0.9839042480536095
	Accuracy: 0.9839403973509934
Fold 10
	Confusion matrix: [[ 993    5    1    2    2    2]
 [   2 1004    3    2    0    5]
 [   2    1  998    6    2    8]
 [   6    5    6  981    2    4]
 [   1    5    1    3 1002    2]
 [   3    3    5    0    3  970]]
	Precision: 0.9847659917200339
	Recall: 0.9847623561029492
	Accuracy: 0.9847682119205298
Average Scores 
	Confusion matrix: [[ 999.4    4.8    2.6    2.4    1.7    1.9]
 [   3.3  997.7    5.1    1.9    1.4    5.2]
 [   2.6    4.9  984.7    3.9    1.6    5.3]
 [   2.3    3.2    5.4  982.8    1.9    3.8]
 [   2.4    2.9    2.2    2.9 1005.     4.3]
 [   2.4    3.6    4.4    3.4    2.6  974.3]]
	Precision: 0.9840595219942558
	Recall: 0.9840436847849029
	Accuracy: 0.9840567819678115
