Fold 1
	Confusion matrix: [[ 996    3    3    2    3    2]
 [   7 1011    2    3    2    5]
 [   4    5  987    1    2    6]
 [   1    2    7  988    3    3]
 [   4    3    1    1  992    2]
 [   2    1    3    2    3  979]]
	Precision: 0.9854574069824079
	Recall: 0.9854368789068539
	Accuracy: 0.9854328753517629
Fold 2
	Confusion matrix: [[1023    5    1    2    4    1]
 [   2  989    5    2    1    4]
 [   1    4  982    4    2    5]
 [   1    4    5  973    1    1]
 [   4    3    1    1 1014    5]
 [   0    5    4    4    5  973]]
	Precision: 0.9855827763832711
	Recall: 0.9855659383777232
	Accuracy: 0.9855984108591292
Fold 3
	Confusion matrix: [[ 993    4    3    2    0    2]
 [   3 1019    3    4    1    5]
 [   2    5  976    4    1    4]
 [   1    5    2  973    3    5]
 [   1    0    1    1 1010    4]
 [   3    2    3    3    2  990]]
	Precision: 0.9869056319797128
	Recall: 0.986925976256376
	Accuracy: 0.9869205298013245
Fold 4
	Confusion matrix: [[ 975    6    2    2    3    1]
 [   4 1006    6    2    1    4]
 [   5    4  978    4    1   11]
 [   1    2    4  984    5    5]
 [   3    2    5    6  995    4]
 [   4    3    6    2    2  992]]
	Precision: 0.9817942428037155
	Recall: 0.9817949002161185
	Accuracy: 0.9817880794701986
Fold 5
	Confusion matrix: [[ 997    4    1    1    4    3]
 [   5 1004    4    3    1    2]
 [   2    2  966    7    1    5]
 [   1    0    3  994    3    7]
 [   3    4    2    2 1004    6]
 [   3    6    8    5    2  975]]
	Precision: 0.9834251908597368
	Recall: 0.9834172125202979
	Accuracy: 0.9834437086092715
Fold 6
	Confusion matrix: [[1013    7    1    1    1    4]
 [   1  988    5    8    0    3]
 [   4    7  979    3    3    4]
 [   2    1    4  993    1    4]
 [   5    2    3    4 1001    5]
 [   0    1    7    1    1  973]]
	Precision: 0.9846186583273914
	Recall: 0.9845748427897733
	Accuracy: 0.9846026490066225
Fold 7
	Confusion matrix: [[ 995    2    3    2    2    3]
 [   3 1001   11    2    2    2]
 [   3    3  986    6    3    3]
 [   3    1    6  987    0    5]
 [   3    4    3    2 1002    3]
 [   1    6    6    2    1  973]]
	Precision: 0.9841115351158677
	Recall: 0.9841190726212775
	Accuracy: 0.9841059602649007
Fold 8
	Confusion matrix: [[ 991    5    1    2    4    0]
 [   7  989    5    1    3    1]
 [   4    4  999    4    3    5]
 [   2    9    2  985    2    1]
 [   5    4    5    4 1009    2]
 [   3    2    2    1    4  970]]
	Precision: 0.9839783128962555
	Recall: 0.983987531656891
	Accuracy: 0.9839403973509934
Fold 9
	Confusion matrix: [[1007    6    3    2    3    1]
 [   5  975    6    2    2    2]
 [   4    4 1009    2    0    3]
 [   0    3    5  979    0    3]
 [   0    4    4    1 1012    5]
 [   5    7    1    3    1  971]]
	Precision: 0.9855838049893982
	Recall: 0.9855938512727617
	Accuracy: 0.9855960264900663
Fold 10
	Confusion matrix: [[ 997    4    0    1    1    2]
 [   2 1011    7    3    1    6]
 [   1    1  999    5    2    8]
 [   3    3    3  979    1    6]
 [   2    1    1    3 1004    4]
 [   2    3    4    3    2  965]]
	Precision: 0.9859404614533127
	Recall: 0.9858826504248693
	Accuracy: 0.9859271523178808
Average Scores 
	Confusion matrix: [[ 998.7    4.6    1.8    1.7    2.5    1.9]
 [   3.9  999.3    5.4    3.     1.4    3.4]
 [   3.     3.9  986.1    4.     1.8    5.4]
 [   1.5    3.     4.1  983.5    1.9    4. ]
 [   3.     2.7    2.6    2.5 1004.3    4. ]
 [   2.3    3.6    4.4    2.6    2.3  976.1]]
	Precision: 0.9847398021791068
	Recall: 0.9847298855042943
	Accuracy: 0.9847355789522151
