Fold 1
	Confusion matrix: [[1002    4    5    1    3    3]
 [   3 1011    3    2    2    2]
 [   2    5  981    2    5    7]
 [   2    1    3  990    6    1]
 [   3    2    4    0  987    7]
 [   2    2    7    2    2  977]]
	Precision: 0.9845933984316462
	Recall: 0.9845968758313072
	Accuracy: 0.9846051978149313
Fold 2
	Confusion matrix: [[1023    6    4    2    3    2]
 [   3  989    4    2    0    3]
 [   0    6  974    3    2    5]
 [   1    4    8  973    0    5]
 [   2    1    1    2 1020    1]
 [   2    4    7    4    2  973]]
	Precision: 0.9852285920192183
	Recall: 0.9852036428681713
	Accuracy: 0.9852673398443966
Fold 3
	Confusion matrix: [[ 991    3    1    2    1    3]
 [   5 1018    3    6    2    3]
 [   1    4  971    3    0    6]
 [   3    6    6  969    2    5]
 [   0    0    3    2 1010    7]
 [   3    4    4    5    2  986]]
	Precision: 0.9842674901830186
	Recall: 0.9842536410548205
	Accuracy: 0.984271523178808
Fold 4
	Confusion matrix: [[ 983    2    4    1    4    1]
 [   6 1004    6    6    0    4]
 [   2    4  981    2    3    6]
 [   0    5    7  984    6    4]
 [   0    0    0    5  993    6]
 [   1    8    3    2    1  996]]
	Precision: 0.983633562900352
	Recall: 0.9836371542612298
	Accuracy: 0.9836092715231788
Fold 5
	Confusion matrix: [[1003    6    1    3    2    1]
 [   4 1002    4    0    2    6]
 [   1    5  967   11    2    6]
 [   0    1    4  993    1    7]
 [   2    3    3    2 1002    3]
 [   1    3    5    3    6  975]]
	Precision: 0.9837381306614396
	Recall: 0.9837558139048849
	Accuracy: 0.9837748344370861
Fold 6
	Confusion matrix: [[1009    5    5    2    1    4]
 [   0  986    4    3    1    5]
 [   7    9  979    6    1    4]
 [   1    4    4  990    1    2]
 [   6    2    2    6 1001    4]
 [   2    0    5    3    2  974]]
	Precision: 0.9833072913525216
	Recall: 0.9832658830765646
	Accuracy: 0.9832781456953642
Fold 7
	Confusion matrix: [[995   3   1   1   2   4]
 [  4 996   7   3   2   4]
 [  3   5 988   4   2   6]
 [  2   3   8 992   2   2]
 [  2   3   3   1 999   1]
 [  2   7   8   0   3 972]]
	Precision: 0.9837698065558887
	Recall: 0.9837970073085488
	Accuracy: 0.9837748344370861
Fold 8
	Confusion matrix: [[ 990    5    3    2    2    1]
 [   2  994    4    1    2    5]
 [   4    7  999    3    3    6]
 [   6    4    1  985    1    3]
 [   5    2    2    3 1015    3]
 [   5    1    5    3    2  961]]
	Precision: 0.9841175553403628
	Recall: 0.9840889143674233
	Accuracy: 0.9841059602649007
Fold 9
	Confusion matrix: [[1009    4    2    2    1    3]
 [   3  983    6    3    2    3]
 [   5    2 1009    3    0    9]
 [   0    1    4  978    1    4]
 [   2    1    2    1 1010    7]
 [   2    8    5    2    4  959]]
	Precision: 0.9847510958783773
	Recall: 0.9847285799164572
	Accuracy: 0.9847682119205298
Fold 10
	Confusion matrix: [[ 989    4    2    1    1    2]
 [   5 1006    3    4    0   12]
 [   3    4  995    4    3    8]
 [   5    2    6  980    4    1]
 [   5    3    3    5 1002    3]
 [   0    4    5    0    1  965]]
	Precision: 0.9830258463891033
	Recall: 0.9829244919026988
	Accuracy: 0.9829470198675496
Average Scores 
	Confusion matrix: [[ 999.4    4.2    2.8    1.7    2.     2.4]
 [   3.5  998.9    4.4    3.     1.3    4.7]
 [   2.8    5.1  984.4    4.1    2.1    6.3]
 [   2.     3.1    5.1  983.4    2.4    3.4]
 [   2.7    1.7    2.3    2.7 1003.9    4.2]
 [   2.     4.1    5.4    2.4    2.5  973.8]]
	Precision: 0.9840432769711928
	Recall: 0.9840252004492106
	Accuracy: 0.9840402338983832
