Fold 1
	Confusion matrix: [[1001    2    4    1    3    6]
 [   1 1011    7    1    1    3]
 [   3    5  983    2    3    4]
 [   4    1    5  990    3    3]
 [   3    4    1    0  991    4]
 [   2    2    3    3    4  977]]
	Precision: 0.9854293860422887
	Recall: 0.9854281965237677
	Accuracy: 0.9854328753517629
Fold 2
	Confusion matrix: [[1021    5    2    1    2    1]
 [   3  990    4    6    1    3]
 [   4    4  976    2    3    7]
 [   1    0    8  968    3    4]
 [   1    2    2    5 1016    2]
 [   1    9    6    4    2  972]]
	Precision: 0.9837188042738935
	Recall: 0.9837165240711611
	Accuracy: 0.9837775202780996
Fold 3
	Confusion matrix: [[ 995    4    1    3    1    3]
 [   3 1020    2    4    1    5]
 [   0    3  979    8    4    5]
 [   0    4    3  967    2    2]
 [   2    0    2    5 1005    6]
 [   3    4    1    0    4  989]]
	Precision: 0.9859382173900743
	Recall: 0.9859278248491853
	Accuracy: 0.9859271523178808
Fold 4
	Confusion matrix: [[ 981    4    2    0    3    1]
 [   6 1009    6    2    0    6]
 [   2    3  985    5    0    6]
 [   2    5    4  986    4    4]
 [   0    0    2    4 1000    4]
 [   1    2    2    3    0  996]]
	Precision: 0.9862857050778256
	Recall: 0.9862736211132601
	Accuracy: 0.9862582781456953
Fold 5
	Confusion matrix: [[1002    3    2    3    3    1]
 [   1 1002    5    0    2    3]
 [   2    3  962    9    1    4]
 [   0    2    6  995    3    6]
 [   3    4    5    1 1003    6]
 [   3    6    4    4    3  978]]
	Precision: 0.983751559384912
	Recall: 0.9837386635361206
	Accuracy: 0.9837748344370861
Fold 6
	Confusion matrix: [[1012    3    2    0    1    2]
 [   4  990    3    2    2    6]
 [   3    5  981    8    1    4]
 [   4    3    3  994    3    0]
 [   2    4    4    4  995    5]
 [   0    1    6    2    5  976]]
	Precision: 0.9847547054009987
	Recall: 0.9847527459408282
	Accuracy: 0.9847682119205298
Fold 7
	Confusion matrix: [[996   0   0   3   1   1]
 [  4 998   4   2   3   5]
 [  1   6 995   4   4   5]
 [  1   5   7 987   2   3]
 [  3   3   2   5 996   3]
 [  3   5   7   0   4 972]]
	Precision: 0.9841151247760934
	Recall: 0.9841119875635059
	Accuracy: 0.9841059602649007
Fold 8
	Confusion matrix: [[ 997    4    4    3    2    1]
 [   4  992    3    2    4    4]
 [   4    6  998    6    1    3]
 [   2    6    2  982    2    4]
 [   2    2    3    3 1013    3]
 [   3    3    4    1    3  964]]
	Precision: 0.9844400060725932
	Recall: 0.9844323433468691
	Accuracy: 0.9844370860927152
Fold 9
	Confusion matrix: [[1011    5    3    1    1    5]
 [   3  979    6    1    0    6]
 [   2    4 1005    8    1    4]
 [   1    3    7  976    0    2]
 [   1    4    2    1 1013    7]
 [   3    4    5    2    3  961]]
	Precision: 0.9842710973628188
	Recall: 0.9842317426240981
	Accuracy: 0.984271523178808
Fold 10
	Confusion matrix: [[ 996    4    0    2    2    2]
 [   3 1012    7    2    0    6]
 [   3    3  997    2    1   10]
 [   3    1    4  983    2    4]
 [   1    0    0    4 1002    5]
 [   1    3    6    1    4  964]]
	Precision: 0.9857729700652289
	Recall: 0.9857241346958735
	Accuracy: 0.9857615894039735
Average Scores 
	Confusion matrix: [[1001.2    3.4    2.     1.7    1.9    2.3]
 [   3.2 1000.3    4.7    2.2    1.4    4.7]
 [   2.4    4.2  986.1    5.4    1.9    5.2]
 [   1.8    3.     4.9  982.8    2.4    3.2]
 [   1.8    2.3    2.3    3.2 1003.4    4.5]
 [   2.     3.9    4.4    2.     3.2  974.9]]
	Precision: 0.9848477575846728
	Recall: 0.984833778426467
	Accuracy: 0.9848515031391452
