Fold 1
	Confusion matrix: [[981  11   7   8  10   3]
 [  8 980   9   7   5   9]
 [  3  13 949  16   4  13]
 [ 10   7  19 945   1  13]
 [  8   5  11   6 975  14]
 [  4   9   8  15  10 945]]
	Precision: 0.9559149685393088
	Recall: 0.9559251687743197
	Accuracy: 0.9559675550405562
Fold 2
	Confusion matrix: [[997  11   4  10   8   2]
 [  9 961  11  11   7  12]
 [ 11  11 946  14   6  17]
 [  3  12  13 935   4   8]
 [  7   8  13   9 995   6]
 [  4   7  11   7   7 944]]
	Precision: 0.9564561109493992
	Recall: 0.9563366483902002
	Accuracy: 0.9564641615626552
Fold 3
	Confusion matrix: [[964   8   9   6   9   6]
 [  8 986   5   9   7   9]
 [  9  12 947  10   2  17]
 [  6  16   5 954   5   6]
 [  7   5  12   2 980  14]
 [  9   8  10   6  14 958]]
	Precision: 0.9584212858179483
	Recall: 0.9584957276573111
	Accuracy: 0.9584437086092715
Fold 4
	Confusion matrix: [[953   7   5   4   3   5]
 [ 13 978  14   7   7  12]
 [  4   7 952  16   9  14]
 [  7  18  11 961   4   7]
 [ 11   3   8   4 979   8]
 [  4  10  11   8   5 971]]
	Precision: 0.9593794495053879
	Recall: 0.9592849551471154
	Accuracy: 0.9592715231788079
Fold 5
	Confusion matrix: [[975  15   9   6  10  11]
 [  9 970  13  13   2   8]
 [  6  12 926  10   4  21]
 [  7  12  14 972   6  10]
 [  8   3   5   5 984   5]
 [  6   8  17   6   9 943]]
	Precision: 0.9552623635368
	Recall: 0.9552085350098264
	Accuracy: 0.9552980132450332
Fold 6
	Confusion matrix: [[988  15   5   5   7   6]
 [ 11 967  12   9   7   1]
 [  7  10 948  19  10  22]
 [  6   4  15 968   8   9]
 [ 10   5   6   7 970   9]
 [  3   5  13   2   5 946]]
	Precision: 0.9582062484418957
	Recall: 0.9580709523832324
	Accuracy: 0.958112582781457
Fold 7
	Confusion matrix: [[969  10  11   6   6   7]
 [ 11 980   8   4   5   9]
 [  7   9 964  12   5  11]
 [  3   4  13 967   6   8]
 [ 11   5   7   8 975   8]
 [  7   9  12   4  13 946]]
	Precision: 0.9604147050768314
	Recall: 0.960430657325175
	Accuracy: 0.9604304635761589
Fold 8
	Confusion matrix: [[975   5   4   3   9   8]
 [ 11 978  10   4   4   7]
 [ 10  13 963  15  12  15]
 [  6   8  14 959  11   6]
 [  7   4   6   8 983   7]
 [  3   5  17   8   6 936]]
	Precision: 0.9593391994261258
	Recall: 0.959263285924607
	Accuracy: 0.9592715231788079
Fold 9
	Confusion matrix: [[984  11   9   2   3   8]
 [ 11 953  14   8   8  10]
 [  5  16 975   8   2  16]
 [  6   7  11 956   6   8]
 [  7   6  11   8 991   6]
 [  8   6   8   7   8 937]]
	Precision: 0.959603406347771
	Recall: 0.9595896595218217
	Accuracy: 0.9596026490066225
Fold 10
	Confusion matrix: [[977  16   8   7   5   9]
 [ 13 975  13   8   4  11]
 [  0  14 972  13  11  13]
 [  6  11  10 951   3   8]
 [  8   4   5   5 980   5]
 [  3   3   6  10   8 945]]
	Precision: 0.9603765933663717
	Recall: 0.9602545955650603
	Accuracy: 0.9602649006622517
Average Scores 
	Confusion matrix: [[976.3  10.9   7.1   5.7   7.    6.5]
 [ 10.4 972.8  10.9   8.    5.6   8.8]
 [  6.2  11.7 954.2  13.3   6.5  15.9]
 [  6.    9.9  12.5 956.8   5.4   8.3]
 [  8.4   4.8   8.4   6.2 981.2   8.2]
 [  5.1   7.   11.3   7.3   8.5 947.1]]
	Precision: 0.9583374331007839
	Recall: 0.9582860185698667
	Accuracy: 0.9583127080841622
