Fold 1
	Confusion matrix: [[838  92  64  44  46  31]
 [ 50 769  89  28  26  16]
 [ 25  82 646  45  29  37]
 [ 17  28  75 824  16  27]
 [ 63  28  44  34 864  42]
 [ 21  26  85  22  24 844]]
	Precision: 0.7916598305612714
	Recall: 0.792243704839026
	Accuracy: 0.7920874027478895
Fold 2
	Confusion matrix: [[867 105  53  36  54  36]
 [ 42 750  83  30  20  19]
 [ 30  75 641  43  24  32]
 [ 16  34  84 828  21  29]
 [ 54  17  55  29 881  46]
 [ 22  29  82  20  27 827]]
	Precision: 0.793332567516076
	Recall: 0.793263849637321
	Accuracy: 0.7935772223141864
Fold 3
	Confusion matrix: [[848 110  49  33  57  38]
 [ 42 753  85  27  21  18]
 [ 20  84 642  48  23  35]
 [ 24  35  77 828  24  39]
 [ 52  28  55  25 874  43]
 [ 17  25  80  26  18 837]]
	Precision: 0.7914804156752039
	Recall: 0.7916344036808337
	Accuracy: 0.7917218543046357
Fold 4
	Confusion matrix: [[827 112  52  37  56  39]
 [ 46 747  83  29  17  18]
 [ 25  67 644  44  20  27]
 [ 20  36  82 837  19  30]
 [ 56  27  55  26 874  38]
 [ 18  34  85  27  21 865]]
	Precision: 0.7938799011488347
	Recall: 0.7937827685637724
	Accuracy: 0.7937086092715232
Fold 5
	Confusion matrix: [[856 114  45  42  57  34]
 [ 38 726  76  28  18  13]
 [ 26  70 653  39  24  27]
 [ 22  44  76 848  25  32]
 [ 54  27  51  28 870  39]
 [ 15  39  83  27  21 853]]
	Precision: 0.7961777608145931
	Recall: 0.7953109968556173
	Accuracy: 0.7956953642384106
Fold 6
	Confusion matrix: [[862 104  47  35  61  28]
 [ 41 730  89  27  13  22]
 [ 24  66 646  53  25  31]
 [ 27  51  67 834  27  28]
 [ 54  27  57  34 861  40]
 [ 17  28  93  27  20 844]]
	Precision: 0.7906004750595991
	Recall: 0.7906625828638711
	Accuracy: 0.7908940397350993
Fold 7
	Confusion matrix: [[829  96  46  38  61  30]
 [ 49 746  85  16  15  18]
 [ 28  75 659  40  28  33]
 [ 19  44  76 846  21  29]
 [ 60  25  50  29 864  42]
 [ 23  31  99  32  21 837]]
	Precision: 0.791271066954125
	Recall: 0.792020250329792
	Accuracy: 0.7915562913907285
Fold 8
	Confusion matrix: [[849  86  46  32  62  26]
 [ 41 764  90  21  15  17]
 [ 26  79 655  42  24  38]
 [ 24  37  76 850  26  28]
 [ 58  17  54  22 872  42]
 [ 14  30  93  30  26 828]]
	Precision: 0.796899624306834
	Recall: 0.798022538963388
	Accuracy: 0.797682119205298
Fold 9
	Confusion matrix: [[838  95  41  40  51  28]
 [ 45 750  83  24  21  21]
 [ 30  72 680  47  22  34]
 [ 23  34  70 825  32  28]
 [ 60  19  60  25 868  41]
 [ 25  29  94  28  24 833]]
	Precision: 0.7933506163539423
	Recall: 0.7942511301142577
	Accuracy: 0.7937086092715232
Fold 10
	Confusion matrix: [[839  91  53  41  46  32]
 [ 50 776  82  26  20  16]
 [ 24  76 667  45  18  35]
 [ 16  35  72 830  24  33]
 [ 58  21  51  28 881  36]
 [ 20  24  89  24  22 839]]
	Precision: 0.7996538950014047
	Recall: 0.8004260174371103
	Accuracy: 0.8
Average Scores 
	Confusion matrix: [[845.3 100.5  49.6  37.8  55.1  32.2]
 [ 44.4 751.1  84.5  25.6  18.6  17.8]
 [ 25.8  74.6 653.3  44.6  23.7  32.9]
 [ 20.8  37.8  75.5 835.   23.5  30.3]
 [ 56.9  23.6  53.2  28.  870.9  40.9]
 [ 19.2  29.5  88.3  26.3  22.4 840.7]]
	Precision: 0.7938306153391884
	Recall: 0.7941618243284989
	Accuracy: 0.7940631512479295
