Fold 1
	Confusion matrix: [[837  92  64  44  46  31]
 [ 50 770  89  29  26  18]
 [ 26  82 646  43  29  37]
 [ 18  28  77 826  16  25]
 [ 63  27  44  33 864  42]
 [ 20  26  83  22  24 844]]
	Precision: 0.7919729276281826
	Recall: 0.7925762772584216
	Accuracy: 0.7924184737626221
Fold 2
	Confusion matrix: [[867 106  51  36  54  36]
 [ 42 749  83  30  20  17]
 [ 31  74 643  43  25  33]
 [ 16  34  84 828  21  29]
 [ 53  19  55  27 880  46]
 [ 22  28  82  22  27 828]]
	Precision: 0.7934745818263825
	Recall: 0.7934390698902319
	Accuracy: 0.7937427578215527
Fold 3
	Confusion matrix: [[847 111  48  32  59  38]
 [ 42 752  87  27  21  18]
 [ 22  83 643  46  23  36]
 [ 23  35  77 829  24  38]
 [ 52  28  54  25 872  42]
 [ 17  26  79  28  18 838]]
	Precision: 0.7913035187350369
	Recall: 0.7914820128639364
	Accuracy: 0.7915562913907285
Fold 4
	Confusion matrix: [[828 113  52  39  55  39]
 [ 45 746  82  29  17  18]
 [ 24  69 641  46  17  27]
 [ 20  36  84 836  20  30]
 [ 56  26  56  24 876  37]
 [ 19  33  86  26  22 866]]
	Precision: 0.7937182305255693
	Recall: 0.7936165895471841
	Accuracy: 0.7935430463576159
Fold 5
	Confusion matrix: [[854 112  45  42  57  35]
 [ 39 724  77  26  18  13]
 [ 25  73 649  40  24  28]
 [ 22  45  77 848  27  32]
 [ 55  27  52  28 869  40]
 [ 16  39  84  28  20 850]]
	Precision: 0.794073387287345
	Recall: 0.7933117805172806
	Accuracy: 0.7937086092715232
Fold 6
	Confusion matrix: [[861 106  48  36  64  29]
 [ 40 727  90  29  14  23]
 [ 25  67 645  52  22  28]
 [ 26  50  69 832  27  28]
 [ 56  25  55  33 860  39]
 [ 17  31  92  28  20 846]]
	Precision: 0.7897784184442687
	Recall: 0.7896762718469855
	Accuracy: 0.7899006622516557
Fold 7
	Confusion matrix: [[829  95  48  38  61  30]
 [ 48 747  85  16  15  18]
 [ 28  76 655  41  28  31]
 [ 20  43  76 844  21  29]
 [ 61  24  51  30 865  42]
 [ 22  32 100  32  20 839]]
	Precision: 0.7909360632717477
	Recall: 0.7916963735253127
	Accuracy: 0.7912251655629139
Fold 8
	Confusion matrix: [[850  85  45  32  61  25]
 [ 40 765  91  23  13  18]
 [ 25  79 656  41  23  38]
 [ 24  37  77 848  27  29]
 [ 58  17  53  22 874  40]
 [ 15  30  92  31  27 829]]
	Precision: 0.7975395486262
	Recall: 0.7986772313525972
	Accuracy: 0.7983443708609271
Fold 9
	Confusion matrix: [[841  96  42  40  50  27]
 [ 44 750  83  24  21  21]
 [ 30  72 678  48  22  35]
 [ 23  33  72 823  30  28]
 [ 59  19  61  27 873  42]
 [ 24  29  92  27  22 832]]
	Precision: 0.7938220530458294
	Recall: 0.7947289449032926
	Accuracy: 0.794205298013245
Fold 10
	Confusion matrix: [[838  93  52  41  46  31]
 [ 50 776  83  26  20  16]
 [ 25  74 669  46  17  36]
 [ 17  35  71 830  25  34]
 [ 58  22  51  27 881  36]
 [ 19  23  88  24  22 838]]
	Precision: 0.799675270052077
	Recall: 0.8004210601359047
	Accuracy: 0.8
Average Scores 
	Confusion matrix: [[845.2 100.9  49.5  38.   55.3  32.1]
 [ 44.  750.6  85.   25.9  18.5  18. ]
 [ 26.1  74.9 652.5  44.6  23.   32.9]
 [ 20.9  37.6  76.4 834.4  23.8  30.2]
 [ 57.1  23.4  53.2  27.6 871.4  40.6]
 [ 19.1  29.7  87.8  26.8  22.2 841. ]]
	Precision: 0.793629399944264
	Recall: 0.7939625611841148
	Accuracy: 0.7938644675292783
