Fold 1
	Confusion matrix: [[836  91  63  46  46  31]
 [ 50 768  89  28  26  17]
 [ 27  82 647  44  29  37]
 [ 17  31  75 821  16  26]
 [ 63  27  44  34 864  42]
 [ 21  26  85  24  24 844]]
	Precision: 0.790809592148671
	Recall: 0.7914170357636875
	Accuracy: 0.7912597252110578
Fold 2
	Confusion matrix: [[863 103  51  36  54  35]
 [ 46 750  84  30  20  19]
 [ 31  73 641  43  22  32]
 [ 16  36  85 827  21  29]
 [ 53  19  56  28 884  46]
 [ 22  29  81  22  26 828]]
	Precision: 0.7930477927026676
	Recall: 0.7931035704118611
	Accuracy: 0.7934116868068201
Fold 3
	Confusion matrix: [[847 112  48  32  58  38]
 [ 41 753  87  27  21  17]
 [ 23  83 644  45  24  35]
 [ 23  34  75 830  24  38]
 [ 52  26  54  26 873  45]
 [ 17  27  80  27  17 837]]
	Precision: 0.7918429899671294
	Recall: 0.7919794604821079
	Accuracy: 0.7920529801324503
Fold 4
	Confusion matrix: [[826 111  50  38  55  39]
 [ 46 748  83  29  16  18]
 [ 25  67 641  45  18  27]
 [ 20  35  84 836  20  30]
 [ 57  27  57  25 876  37]
 [ 18  35  86  27  22 866]]
	Precision: 0.7936443432075858
	Recall: 0.7936064070773242
	Accuracy: 0.7935430463576159
Fold 5
	Confusion matrix: [[856 114  45  42  58  33]
 [ 37 726  74  28  20  12]
 [ 25  69 648  39  23  27]
 [ 22  44  79 850  27  34]
 [ 54  27  54  26 867  40]
 [ 17  40  84  27  20 852]]
	Precision: 0.7951242176273207
	Recall: 0.794133882645505
	Accuracy: 0.7945364238410596
Fold 6
	Confusion matrix: [[860 105  48  37  62  29]
 [ 41 731  89  29  13  23]
 [ 25  67 647  52  24  29]
 [ 27  49  68 832  27  28]
 [ 53  25  56  32 861  42]
 [ 19  29  91  28  20 842]]
	Precision: 0.7900681058293912
	Recall: 0.7900041696244472
	Accuracy: 0.7902317880794701
Fold 7
	Confusion matrix: [[830  96  46  39  61  30]
 [ 48 745  83  15  14  19]
 [ 27  76 658  40  28  32]
 [ 20  45  76 846  22  29]
 [ 60  24  51  29 865  43]
 [ 23  31 101  32  20 836]]
	Precision: 0.791191110892124
	Recall: 0.7918540060484851
	Accuracy: 0.7913907284768212
Fold 8
	Confusion matrix: [[850  84  45  31  63  26]
 [ 41 765  90  22  16  17]
 [ 25  80 658  42  24  39]
 [ 25  37  74 852  26  28]
 [ 56  15  52  20 871  40]
 [ 15  32  95  30  25 829]]
	Precision: 0.79798959580192
	Recall: 0.7991868302572311
	Accuracy: 0.7988410596026491
Fold 9
	Confusion matrix: [[837  96  41  40  49  27]
 [ 45 749  83  24  21  21]
 [ 30  72 678  48  22  33]
 [ 23  35  73 822  29  28]
 [ 62  19  61  28 874  43]
 [ 24  28  92  27  23 833]]
	Precision: 0.7931683231828471
	Recall: 0.7940735608420905
	Accuracy: 0.7935430463576159
Fold 10
	Confusion matrix: [[840  92  53  41  46  32]
 [ 48 778  83  26  19  16]
 [ 24  75 668  44  16  35]
 [ 16  35  70 830  25  34]
 [ 59  21  53  29 883  36]
 [ 20  22  87  24  22 838]]
	Precision: 0.8006229436209361
	Recall: 0.8012432564033957
	Accuracy: 0.8008278145695364
Average Scores 
	Confusion matrix: [[844.5 100.4  49.   38.2  55.2  32. ]
 [ 44.3 751.3  84.5  25.8  18.6  17.9]
 [ 26.2  74.4 653.   44.2  23.   32.6]
 [ 20.9  38.1  75.9 834.6  23.7  30.4]
 [ 56.9  23.   53.8  27.7 871.8  41.4]
 [ 19.6  29.9  88.2  26.8  21.9 840.5]]
	Precision: 0.7937509014980593
	Recall: 0.7940602179556135
	Accuracy: 0.7939638299435096
