Fold 1
	Confusion matrix: [[837  93  67  46  50  31]
 [ 53 775  91  27  25  21]
 [ 23  74 639  43  31  32]
 [ 17  31  82 823  14  34]
 [ 60  22  42  35 863  50]
 [ 24  30  82  23  22 829]]
	Precision: 0.7888044166578653
	Recall: 0.789051243692728
	Accuracy: 0.7889422281079291
Fold 2
	Confusion matrix: [[863 101  57  36  57  31]
 [ 45 747  86  28  21  19]
 [ 27  72 632  49  28  33]
 [ 18  34  83 828  17  35]
 [ 61  25  57  22 879  52]
 [ 17  31  83  23  25 819]]
	Precision: 0.7888751394658392
	Recall: 0.7889464396446165
	Accuracy: 0.7892732991226619
Fold 3
	Confusion matrix: [[844 106  50  33  58  37]
 [ 45 752  83  26  22  20]
 [ 20  82 640  42  27  34]
 [ 22  33  81 834  24  40]
 [ 56  31  50  24 871  54]
 [ 16  31  84  28  15 825]]
	Precision: 0.7888833926736845
	Recall: 0.7890126496415434
	Accuracy: 0.7890728476821192
Fold 4
	Confusion matrix: [[819 105  51  44  54  37]
 [ 47 740  84  28  15  22]
 [ 27  69 636  40  26  33]
 [ 17  37  86 835  15  32]
 [ 58  31  58  27 878  47]
 [ 24  41  86  26  19 846]]
	Precision: 0.7869354698746306
	Recall: 0.7871812104899855
	Accuracy: 0.7870860927152318
Fold 5
	Confusion matrix: [[848 112  48  47  61  29]
 [ 38 727  80  26  16  15]
 [ 26  70 634  37  27  27]
 [ 21  44  82 852  24  39]
 [ 58  31  54  21 867  45]
 [ 20  36  86  29  20 843]]
	Precision: 0.7903549119978032
	Recall: 0.7894335561330753
	Accuracy: 0.7899006622516557
Fold 6
	Confusion matrix: [[862 102  47  36  68  24]
 [ 46 732  91  31  13  20]
 [ 19  67 628  49  25  33]
 [ 23  51  85 836  25  32]
 [ 57  30  55  29 856  55]
 [ 18  24  93  29  20 829]]
	Precision: 0.7850761016022424
	Recall: 0.7849757942128995
	Accuracy: 0.7852649006622516
Fold 7
	Confusion matrix: [[830  98  45  42  69  28]
 [ 49 739  92  17  17  23]
 [ 19  70 650  39  32  35]
 [ 22  41  81 848  17  31]
 [ 68  29  56  27 853  46]
 [ 20  40  91  28  22 826]]
	Precision: 0.7857561146788604
	Recall: 0.7862246913830497
	Accuracy: 0.7857615894039736
Fold 8
	Confusion matrix: [[839  85  44  37  68  24]
 [ 41 760  89  24  12  19]
 [ 24  79 655  40  33  38]
 [ 24  35  83 847  25  36]
 [ 66  26  59  21 862  49]
 [ 18  28  84  28  25 813]]
	Precision: 0.7902758000424065
	Recall: 0.7910363769989397
	Accuracy: 0.7907284768211921
Fold 9
	Confusion matrix: [[838  90  41  38  58  28]
 [ 44 756  90  24  20  19]
 [ 29  67 670  48  29  41]
 [ 21  36  78 824  24  29]
 [ 63  23  60  24 870  47]
 [ 26  27  89  31  17 821]]
	Precision: 0.7907607625665346
	Recall: 0.7917593222186822
	Accuracy: 0.7912251655629139
Fold 10
	Confusion matrix: [[838  91  51  41  53  28]
 [ 49 767  84  22  21  18]
 [ 20  73 668  42  24  35]
 [ 20  39  76 836  22  35]
 [ 60  23  47  28 873  43]
 [ 20  30  88  25  18 832]]
	Precision: 0.7968176759482484
	Recall: 0.7974685471641408
	Accuracy: 0.7970198675496689
Average Scores 
	Confusion matrix: [[841.8  98.3  50.1  40.   59.6  29.7]
 [ 45.7 749.5  87.   25.3  18.2  19.6]
 [ 23.4  72.3 645.2  42.9  28.2  34.1]
 [ 20.5  38.1  81.7 836.3  20.7  34.3]
 [ 60.7  27.1  53.8  25.8 867.2  48.8]
 [ 20.3  31.8  86.6  27.   20.3 828.3]]
	Precision: 0.7892539785508116
	Recall: 0.789508983157966
	Accuracy: 0.7894275129879598
