Fold 1
	Confusion matrix: [[837  93  63  44  47  32]
 [ 50 769  89  28  27  16]
 [ 26  81 646  45  29  37]
 [ 17  29  74 823  16  27]
 [ 62  27  44  34 862  42]
 [ 22  26  87  23  24 843]]
	Precision: 0.7908600811448588
	Recall: 0.7914133279891441
	Accuracy: 0.7912597252110578
Fold 2
	Confusion matrix: [[867 104  52  36  55  35]
 [ 42 750  85  30  20  18]
 [ 30  74 641  43  25  31]
 [ 16  34  85 828  21  30]
 [ 54  20  53  28 880  46]
 [ 22  28  82  21  26 829]]
	Precision: 0.7934580656790174
	Recall: 0.793438605446844
	Accuracy: 0.7937427578215527
Fold 3
	Confusion matrix: [[848 112  47  32  58  39]
 [ 41 752  87  27  21  17]
 [ 23  82 642  46  24  35]
 [ 23  35  79 831  24  37]
 [ 51  27  54  25 873  45]
 [ 17  27  79  26  17 837]]
	Precision: 0.7916561507364529
	Recall: 0.7918160780031349
	Accuracy: 0.791887417218543
Fold 4
	Confusion matrix: [[828 113  51  37  55  39]
 [ 46 748  82  29  16  18]
 [ 25  67 642  45  19  27]
 [ 20  35  84 836  20  29]
 [ 55  26  54  26 874  37]
 [ 18  34  88  27  23 867]]
	Precision: 0.7940059081362172
	Recall: 0.79394179322426
	Accuracy: 0.7938741721854304
Fold 5
	Confusion matrix: [[856 111  46  42  57  33]
 [ 38 727  75  28  18  12]
 [ 25  72 650  41  24  27]
 [ 21  45  77 848  28  34]
 [ 54  28  53  27 868  40]
 [ 17  37  83  26  20 852]]
	Precision: 0.7952714020017858
	Recall: 0.7944708575741654
	Accuracy: 0.7948675496688742
Fold 6
	Confusion matrix: [[863 104  46  35  61  29]
 [ 40 729  91  27  14  23]
 [ 25  67 645  52  24  29]
 [ 26  51  70 835  27  27]
 [ 55  27  58  33 861  42]
 [ 16  28  89  28  20 843]]
	Precision: 0.790459148186447
	Recall: 0.7904898533029198
	Accuracy: 0.7907284768211921
Fold 7
	Confusion matrix: [[829  94  46  38  63  30]
 [ 46 744  84  15  14  19]
 [ 27  78 658  40  28  31]
 [ 22  45  76 846  21  27]
 [ 64  24  50  30 861  44]
 [ 20  32 101  32  23 838]]
	Precision: 0.7905506755706343
	Recall: 0.7912017562136211
	Accuracy: 0.7907284768211921
Fold 8
	Confusion matrix: [[851  87  45  32  63  26]
 [ 41 765  91  21  16  17]
 [ 25  78 657  42  23  39]
 [ 25  37  75 853  26  28]
 [ 55  15  53  19 871  41]
 [ 15  31  93  30  26 828]]
	Precision: 0.7980793480020724
	Recall: 0.7991840815182366
	Accuracy: 0.7988410596026491
Fold 9
	Confusion matrix: [[838  94  41  40  51  27]
 [ 44 749  83  24  21  21]
 [ 30  72 675  48  21  34]
 [ 23  37  73 822  30  28]
 [ 61  19  64  28 872  42]
 [ 25  28  92  27  23 833]]
	Precision: 0.7924956496285747
	Recall: 0.7934229787503403
	Accuracy: 0.7928807947019868
Fold 10
	Confusion matrix: [[841  91  54  41  46  31]
 [ 48 777  81  26  20  16]
 [ 25  76 668  44  18  36]
 [ 15  35  73 831  24  36]
 [ 58  21  51  28 881  36]
 [ 20  23  87  24  22 836]]
	Precision: 0.8000137792056727
	Recall: 0.8007474505587179
	Accuracy: 0.8003311258278145
Average Scores 
	Confusion matrix: [[845.8 100.3  49.1  37.7  55.6  32.1]
 [ 43.6 751.   84.8  25.5  18.7  17.7]
 [ 26.1  74.7 652.4  44.6  23.5  32.6]
 [ 20.8  38.3  76.6 835.3  23.7  30.3]
 [ 56.9  23.4  53.4  27.8 870.3  41.5]
 [ 19.2  29.4  88.1  26.4  22.4 840.6]]
	Precision: 0.7936850208291734
	Recall: 0.7940126782581383
	Accuracy: 0.7939141555880294
